cell	trials	stims	duration	spikes	rate	eo.cc	area
ww1211_1_B	20	10	40712	2326	5.71	0.691	L2b
blugr1612_2	20	14	40712	12839	22.5	0.629	OV
oo2015_9_A	20	10	40712	5926	14.6	0.776	L2a
gg0304_11_A	20	10	42990	3992	9.29	0.661	mld
pipu1018_7_A	20	10	42990	3457	8.04	0.436	mld
yy1617_3_A	20	10	40712	2103	5.17	0.479	mld
oo0108_3_A	20	10	40712	1414	3.47	0.6	mld
yy1617_5_A	20	10	40712	6849	16.8	0.5	mld
yy1617_5_B	20	10	40712	11446	28.1	0.805	L2a
blabla0713_2_A	20	10	40712	1994	4.9	0.774	mld
obla17102_10	20	10	40712	4254	10.4	0.55	OV
obla1305_8	20	14	40712	5777	10.1	0.523	OV
blabla0713_2_B	20	10	40712	9705	23.8	0.729	L1
pupu1203_4_A	20	10	40712	9155	22.5	0.912	mld
obla1305_4	20	14	40712	10565	18.5	0.821	OV
obla1305_5	20	14	40712	12268	21.5	0.826	OV
obla1305_6	20	14	40712	5849	10.3	0.671	OV
obla1305_7	20	14	40712	28742	50.4	0.872	OV
pipu1018_9_A	20	10	42990	3690	8.58	0.535	mld
blahp9904_7	20	14	40712	15188	26.6	0.697	OV
blahp9904_6	20	14	40712	12920	22.7	0.611	OV
yg0111_3_B	20	10	42990	4011	9.33	0.584	L3
blahp9904_9	20	14	40712	25053	44	0.477	OV
blahp9904_8	20	14	40712	14279	25.1	0.684	OV
oo1712_4_B	20	10	40712	5556	13.6	0.705	L3
gg0116_1_A	20	10	40712	3942	9.68	0.888	mld
oo0108_1_B	20	10	40712	3993	9.81	0.576	L2b
blublu0809_1_A	20	10	40712	2098	5.15	0.794	mld
ww1211_5_B	20	10	40712	7032	17.3	0.809	L2b
ww1211_5_A	20	10	40712	901	2.21	0.445	L3
gg0116_3_A	20	10	40712	5659	13.9	0.647	mld
yy4344_1_B	20	10	40712	2538	6.23	0.755	CM
ww1211_3_B	20	10	40712	7135	17.5	0.782	L2b
gg0116_5_A	20	10	40358	3545	8.78	0.726	mld
glb5202_9	20	10	40712	14107	34.7	0.69	OV
pipu1018_10_A	20	10	42990	5798	13.5	0.637	mld
pipu1018_5_A	20	10	42990	7502	17.5	0.725	mld
glb5202_7	20	10	40712	7100	17.4	0.506	OV
pipu1018_3_B	20	10	42990	3715	8.64	0.57	L3
pipu1018_1_A	20	10	42990	1627	3.78	0.502	mld
pipu1018_1_B	20	10	42990	5873	13.7	0.423	L2a
oo1920_9_A	20	10	40712	3114	7.65	0.892	mld
oo1920_9_B	20	10	40712	3134	7.7	0.446	CM
gr1070_4	20	14	40712	12598	22.1	0.768	OV
gr1070_5	20	14	40712	11318	19.9	0.608	OV
gr1070_1	20	14	40712	16101	28.2	0.794	OV
gr1070_2	20	14	40712	10163	17.8	0.67	OV
gr1070_3	20	14	40712	7866	13.8	0.624	OV
blabla1515_2_B	20	10	40712	6961	17.1	0.833	L2a
blabla1515_2_A	20	10	40712	2639	6.48	0.662	mld
pipu0617_10_B	20	10	42990	5973	13.9	0.635	L2a
pipu0617_10_A	20	10	42990	6730	15.7	0.562	mld
blabla0713_6_A	20	10	40712	2389	5.87	0.818	mld
blabla1515_4_A	20	10	40712	3750	9.21	0.642	mld
blabla1515_4_B	20	10	40712	8869	21.8	0.72	L3
blabla0713_6_B	20	10	40712	5640	13.9	0.771	L2a
blabla0903_4_B	20	10	40712	1991	4.89	0.7	L3
yg0616_4_B	20	10	42990	2910	6.77	0.698	CM
blabla0713_4_B	20	10	40712	6705	16.5	0.617	L2a
blabla0713_4_A	20	10	40712	2306	5.66	0.659	mld
yg0111_8_B	20	10	42990	3102	7.22	0.524	L3
yy0203_3_A	20	10	40712	4493	11	0.819	L2b
blabla1904_3_B	20	10	40712	4139	10.2	0.853	L2a
oo1920_4_A	20	10	40712	1453	3.57	0.624	mld
oo1920_6_B	20	10	40712	6195	15.2	0.79	L2a
yg0616_8_B	20	10	42990	5749	13.4	0.642	L2a
blabla1904_1_B	20	10	40712	1401	3.44	0.5	CM
blabla1904_1_A	20	10	40712	6698	16.5	0.642	mld
pupu1203_3_A	20	10	40712	5274	13	0.838	mld
pupu1203_3_B	20	10	40712	3859	9.48	0.723	L3
yg0616_10_B	20	10	42990	5286	12.3	0.441	L2a
oo1010_1_A	20	10	40712	4289	10.5	0.526	mld
obla17102_2	20	14	40712	15815	27.7	0.8	OV
obla17102_7	20	14	40712	13128	23	0.75	OV
obla17102_6	20	14	40712	13043	22.9	0.786	OV
obla17102_5	20	14	40712	6146	10.8	0.678	OV
obla17102_4	20	14	40712	12180	21.4	0.785	OV
obla17102_9	20	10	40712	3766	9.25	0.52	OV
obla17102_8	20	10	40712	8269	20.3	0.689	OV
blabla1904_5_B	20	10	40712	1557	3.82	0.752	L3
blabla1904_5_A	20	10	40712	7287	17.9	0.841	mld
yy1617_4_A	20	10	40712	3634	8.93	0.809	mld
oo1010_3_B	20	10	40712	5716	14	0.696	L2b
oo1010_3_A	20	10	40712	1082	2.66	0.673	mld
oo1920_2_A	20	10	40712	1890	4.64	0.626	mld
oo1920_7_A	20	10	40712	2013	4.94	0.689	mld
gg0304_10_A	20	10	42990	1416	3.29	0.833	mld
gg0304_10_B	20	10	42990	2517	5.85	0.464	L3
gg0304_8_B	20	10	42990	5986	13.9	0.759	L3
gg0304_8_A	20	10	42990	2273	5.29	0.707	mld
gg0304_12_A	20	10	42990	5007	11.6	0.543	mld
yg0331_8_A	20	10	42990	3400	7.91	0.513	mld
yy1617_2_B	20	10	40438	1438	3.56	0.515	L2a
yy1617_2_A	20	10	40438	2835	7.01	0.48	mld
yy0203_5_A	20	10	40712	1107	2.72	0.467	CM
yy0203_5_B	20	10	40712	1057	2.6	0.809	L2b
blublu9394_5_B	20	10	42990	3196	7.43	0.572	L
oo1920_7_B	20	10	40712	4517	11.1	0.87	L3
rr3637_2_A	20	10	40712	833	2.05	0.466	L2b
rr3637_2_B	20	10	40712	1219	2.99	0.496	L2b
blabla0903_3_A	20	10	40712	5077	12.5	0.761	L2a
pupi0414_5	20	14	40712	8688	15.2	0.482	OV
pupi0414_6	20	14	40712	5119	8.98	0.435	OV
pupi0414_7	20	14	40712	4881	8.56	0.504	OV
pupi0414_1	20	14	40712	46922	82.3	0.64	OV
yg0111_4_B	20	10	42990	3628	8.44	0.601	L3
blabla1515_8_A	20	10	40712	1801	4.42	0.64	mld
blabla1515_8_B	20	10	40712	3720	9.14	0.766	L3
yg0111_2_B	20	10	42990	2932	6.82	0.601	L3
yg0331_2_B	20	10	42990	7836	18.2	0.637	L2a
yg0331_7_A	20	10	42990	2033	4.73	0.491	mld
publu0717_5_A	20	10	42990	2146	4.99	0.62	mld
yg0331_1_A	20	10	42990	2433	5.66	0.668	mld
blublu9394_3_B	20	10	42990	4441	10.3	0.846	L
publu0717_7_A	20	10	42990	1808	4.21	0.65	mld
publu0717_7_B	20	10	42990	1594	3.71	0.606	L2b
gg0116_4_A	20	10	40358	2715	6.73	0.778	mld
blublu0809_5_A	20	10	40712	3751	9.21	0.606	mld
blabla0313_3	20	10	40712	2222	5.46	0.664	L2b
blabla0903_3_B	20	10	40712	10873	26.7	0.763	L3
yg0111_9_B	20	10	42990	4583	10.7	0.691	L
gg0304_9_A	20	10	42990	1937	4.51	0.862	mld
blabla0903_1_B	20	10	40712	1787	4.39	0.673	L2b
blabla0903_1_A	20	10	40712	8252	20.3	0.626	L2a
gg0304_15_A	20	10	42990	2701	6.28	0.512	mld
yg0111_10_B	20	10	42990	4693	10.9	0.48	L2b
publu0717_3_A	20	10	42990	1511	3.51	0.435	mld
yg0331_5_A	20	10	42990	2482	5.77	0.414	mld
yg0331_5_B	20	10	42990	2688	6.25	0.408	L3
publu0717_3_B	20	10	42990	4089	9.51	0.727	L2b
oo1920_3_B	20	10	40712	2457	6.04	0.561	CM
oo1920_3_A	20	10	40712	2139	5.25	0.712	mld
blabla0713_5_B	20	10	40712	6136	15.1	0.678	L2a
blabla0713_5_A	20	10	40712	3561	8.75	0.583	mld
oo1920_10_A	20	10	40712	3175	7.8	0.693	mld
oo1920_10_B	20	10	40712	2180	5.35	0.665	CM
blabla0903_5_A	20	10	40712	1994	4.9	0.732	L3
oo1920_5_A	20	10	40712	2244	5.51	0.79	mld
blublu0809_1_B	20	10	40712	5868	14.4	0.588	CM
oo1920_5_B	20	10	40712	3946	9.69	0.429	CM
blublu0809_3_B	20	10	40712	4077	10	0.619	L2b
blublu0809_3_A	20	10	40712	4203	10.3	0.575	mld
publu0717_9_B	20	10	42990	11107	25.8	0.758	L2b
publu0717_9_A	20	10	42990	4805	11.2	0.68	mld
blabla0713_3_A	20	10	40712	4417	10.8	0.571	mld
blabla0713_3_B	20	10	40712	8076	19.8	0.557	L1
blabla0713_1_A	20	10	40712	3582	8.8	0.543	mld
gg0304_9_B	20	10	42990	1151	2.68	0.409	L3
yy0212_2_B	20	10	40712	8232	20.2	0.773	CM
pupi0414_10	20	14	40712	31019	54.4	0.818	OV
rr3637_3_A	20	10	40712	3001	7.37	0.845	L2b
rr3637_3_B	20	10	40712	646	1.59	0.654	L2b
yy2728_4_B	20	10	40712	8713	21.4	0.795	L2a
yg0331_9_A	20	10	42990	3047	7.09	0.538	mld
yg0331_9_B	20	10	42990	4221	9.82	0.696	L1
pupu0333_5_A	20	10	40712	2247	5.52	0.648	mld
pupu2122_1_B	20	10	40712	1610	3.95	0.679	CM
blabla0903_2_A	20	10	40712	9837	24.2	0.78	L2a
blabla0903_2_B	20	10	40712	3565	8.76	0.707	L2a
publu0717_10_A	20	10	42990	2526	5.88	0.579	mld
yg0331_3_B	20	10	42990	3115	7.25	0.521	L3
yg0331_3_A	20	10	42990	1987	4.62	0.564	mld
pipu0617_3_A	20	10	42990	3649	8.49	0.43	mld
pipu0617_3_B	20	10	42990	5380	12.5	0.436	L1
pipu0617_6_A	20	10	42990	1676	3.9	0.449	mld
gg1114_2_A	20	10	40712	1587	3.9	0.501	CM
publu0717_4_A	20	10	42990	2599	6.05	0.562	mld
publu0717_6_A	20	10	42990	3799	8.84	0.684	mld
publu0717_6_B	20	10	42990	4698	10.9	0.776	L2a
blublu0809_4_A	20	10	40712	4862	11.9	0.734	mld
blublu0809_4_B	20	10	40712	6979	17.1	0.671	L3
gg0304_6_A	20	10	42990	2117	4.92	0.677	mld
gg0304_6_B	20	10	42990	4565	10.6	0.723	L2b
blabla0903_6_A	20	10	40712	3027	7.44	0.649	L3
pupu2122_3_A	20	10	40712	1840	4.52	0.417	L
pupu2122_3_B	20	10	40712	4731	11.6	0.514	L2a
gg0304_4_B	20	15	42990	6015	9.33	0.588	L2b
gg0304_4_A	20	15	42990	4795	7.44	0.45	mld
pupu2122_5_A	20	10	40712	1095	2.69	0.616	L
yg0331_4_A	20	10	42990	3078	7.16	0.602	mld
publu0717_2_A	20	10	42990	4633	10.8	0.61	mld
yg0331_4_B	20	10	42990	4425	10.3	0.452	L3
gg1114_5_B	20	10	40712	3208	7.88	0.822	L3
rr3334_3_A	20	10	40712	2097	5.15	0.517	mld
blublu9394_4_B	20	10	42990	993	2.31	0.672	L
blublu9394_2_B	20	10	42990	3754	8.73	0.788	L
oo1415_4_A	20	10	40712	3767	9.25	0.554	mld
oo1415_6_B	20	10	40712	3948	9.7	0.651	L3
oo1415_6_A	20	10	40712	2274	5.59	0.734	mld
publu0717_8_A	20	10	42990	2549	5.93	0.531	mld
blublu0809_2_B	20	10	40712	10595	26	0.811	CM
blublu0809_2_A	20	10	40712	2419	5.94	0.722	mld
gg0116_2_A	20	10	40712	2311	5.68	0.82	mld
yy2728_4_A	20	10	40712	4962	12.2	0.794	L3
lghp1616_4_B	20	10	42990	4601	10.7	0.536	L
lghp1616_4_A	20	10	42990	9087	21.1	0.684	mld
lghp1616_6_A	20	10	42990	2649	6.16	0.693	mld
lghp1616_6_B	20	10	42990	1995	4.64	0.632	L
rr3334_1_B	20	10	40712	4069	9.99	0.663	L2b
lghp1616_8_B	20	10	42990	1190	2.77	0.509	L
lghp1616_8_A	20	10	42990	3141	7.31	0.544	mld
pipu0617_8_B	20	10	42990	3001	6.98	0.537	L1
pipu0617_8_A	20	10	42990	2560	5.95	0.452	mld
pupu0607_5_A	20	10	40712	1094	2.69	0.585	L3
pupu0607_5_B	20	10	40712	6031	14.8	0.518	L2a
glb5202_6	20	16	40712	23299	35.8	0.821	OV
pupu0511_2_A	20	10	40712	3059	7.51	0.658	L2a
publu0717_11_A	20	10	42990	9786	22.8	0.806	mld
glb5202_5	20	16	40712	7049	10.8	0.526	OV
yy2728_6_B	20	10	40712	1250	3.07	0.502	CM
yy0212_3_B	20	10	40712	1530	3.76	0.518	L2b
oo1415_2_A	20	10	40712	624	1.53	0.522	mld
yy0203_6_B	20	10	40712	3038	7.46	0.656	L2b
oo1712_8_A	20	10	40712	1561	3.83	0.639	mld
oo1712_8_B	20	10	40712	3301	8.11	0.732	L2a
pipu0617_7_B	20	10	42990	2212	5.15	0.464	L1
yy0212_5	20	10	40712	1663	4.08	0.507	CM
yy0212_6	20	10	40712	2506	6.16	0.572	L2a
pupu2122_2_A	20	10	40712	4366	10.7	0.763	L
pupu2122_2_B	20	10	40712	11187	27.5	0.791	L2a
yy2728_5	20	10	40712	2292	5.63	0.637	L2b
pupu0607_3_A	20	10	40712	4365	10.7	0.591	L1
rr1416_4_B	20	10	40933	1553	3.79	0.786	L2b
pupu2122_4_A	20	10	40712	3012	7.4	0.685	L
oo1712_4_A	20	10	40712	2856	7.02	0.624	mld
pipu0617_5_B	20	10	42990	7567	17.6	0.591	L2a
pipu0617_5_A	20	10	42990	4523	10.5	0.564	mld
oo1712_3_B	20	10	40712	2545	6.25	0.678	L2a
oo1712_3_A	20	10	40712	4932	12.1	0.736	mld
oo1712_5_A	20	10	40712	2346	5.76	0.607	mld
oo1712_5_B	20	10	40712	4381	10.8	0.603	L3
pupu0511_5_A	20	10	40712	2387	5.86	0.696	L
oo1415_5_A	20	10	40712	4541	11.2	0.497	mld
oo1415_5_B	20	10	40712	3558	8.74	0.423	L2a
yg0331_6_A	20	10	42990	3911	9.1	0.689	mld
yg0331_10_B	20	10	42990	3475	8.08	0.481	L2a
oo0909_4_A	20	10	41544	562	1.35	0.736	mld
oo0909_4_B	20	10	41544	2754	6.63	0.574	L2b
gr0869_9	20	14	40712	7774	13.6	0.807	OV
gr0869_11	20	14	40712	6034	10.6	0.554	OV
gr0869_10	20	14	40712	3581	6.28	0.707	OV
pupu0333_5_B	20	10	40712	1938	4.76	0.719	CM
pupu0333_3_B	20	10	40712	1442	3.54	0.603	L3
pupu0333_3_A	20	10	40712	1457	3.58	0.641	mld
blublu4546_2_A	20	10	40712	5770	14.2	0.81	L
blublu9394_7_B	20	10	42990	2509	5.84	0.741	L
blublu4546_2_B	20	10	40712	731	1.8	0.479	L
pupu0333_1_A	20	10	40712	10973	27	0.818	mld
blublu0916_1_A	20	10	40712	2608	6.41	0.696	mld
lghp1616_7_A	20	10	42990	8368	19.5	0.754	mld
lghp1616_7_B	20	10	42990	4191	9.75	0.794	L
lghp1616_9_B	20	10	42990	5497	12.8	0.676	L
pupu0607_4_A	20	10	40712	1747	4.29	0.452	L1
lghp1616_9_A	20	10	42990	8580	20	0.78	mld
lghp1616_10_A	20	10	42990	3137	7.3	0.741	mld
lghp1616_10_B	20	10	42990	2640	6.14	0.554	L
gg0318_3_A	20	10	40712	2562	6.29	0.667	mld
oo0909_6_A	20	10	41544	4632	11.1	0.661	mld
blublu0916_3_A	20	10	40712	5110	12.6	0.732	mld
blublu0916_5_A	20	10	40358	7920	19.6	0.759	mld
gr0869_5	20	14	40712	23186	40.7	0.773	OV
gr0869_8	20	14	40712	10408	18.3	0.759	OV
blahp4108_4	20	14	40712	14667	25.7	0.818	OV
blahp4108_5	20	14	40712	9890	17.4	0.77	OV
oo0909_6_B	20	10	41544	2050	4.93	0.739	L3
pupu0511_3_A	20	10	40712	7977	19.6	0.749	L3
pupu0511_3_B	20	10	40712	1958	4.81	0.602	L
oo1415_3_B	20	10	40712	2226	5.47	0.406	L
oo1415_3_A	20	10	40712	1390	3.41	0.492	mld
yy2728_7_A	20	10	40712	2802	6.88	0.748	L1
yy2728_7_B	20	10	40712	4975	12.2	0.835	CM
oo0909_2_B	20	10	40712	1912	4.7	0.669	L2b
oo0909_2_A	20	10	40712	5334	13.1	0.79	mld
ww1211_2_B	20	10	40712	3323	8.16	0.694	L2b
yy2728_2_B	20	10	40712	945	2.32	0.543	L2b
oo0108_2_B	20	10	40712	2789	6.85	0.616	L2b
pipu1018_6_A	20	10	42990	3549	8.26	0.687	mld
lghp1616_5_B	20	10	42990	3262	7.59	0.555	L
lghp1616_5_A	20	10	42990	1862	4.33	0.752	mld
rr1416_1_B	20	10	40712	720	1.77	0.636	L2b
pupu0607_2_A	20	10	40712	1225	3.01	0.517	CM
oo1712_7_B	20	10	40712	7232	17.8	0.755	L2a
oo1712_7_A	20	10	40712	3730	9.16	0.674	mld
rr1416_5_B	20	10	40712	7801	19.2	0.723	L3
gr0965_6	20	14	40712	5522	9.69	0.426	OV
gr0965_7	20	14	40712	11271	19.8	0.703	OV
gr0965_1	20	14	40712	13563	23.8	0.672	OV
gr0965_2	20	14	40712	9719	17.1	0.675	OV
gr0965_3	20	14	40712	14914	26.2	0.656	OV
oo1712_2_B	20	10	40712	9391	23.1	0.786	CM
oo1712_2_A	20	10	40712	5620	13.8	0.781	mld
pupu0606_4_A	20	10	40712	2576	6.33	0.752	mld
pupu0606_4_B	20	10	40712	5056	12.4	0.827	L3
blabla1904_2_A	20	10	40712	769	1.89	0.634	mld
oo1010_4_A	20	10	40712	4998	12.3	0.675	mld
oo1010_4_B	20	10	40712	2429	5.97	0.53	L3
ww1211_4_B	20	10	40712	1853	4.55	0.813	L2b
oo0108_4_A	20	10	40712	576	1.41	0.635	mld
oo0108_4_B	20	10	40712	1058	2.6	0.525	CM
pupu0333_4_B	20	10	40712	666	1.64	0.562	CM
glb5656_2	20	14	40712	10317	18.1	0.708	OV
glb5656_5	20	14	40712	11083	19.4	0.654	OV
rr3334_4_A	20	10	40358	1591	3.94	0.564	mld
pupu0333_2_B	20	10	40712	2764	6.79	0.594	L
pupu0333_2_A	20	10	40712	2473	6.07	0.616	mld
pipu1018_11_A	20	10	42990	4689	10.9	0.549	mld
yy0203_6_A	20	10	40712	7239	17.8	0.68	CM
blabla1515_3_B	20	10	40712	5733	14.1	0.706	L2a
blabla1515_3_A	20	10	40712	562	1.38	0.824	mld
blabla1515_5_A	20	10	40712	1379	3.39	0.676	mld
blabla1515_5_B	20	10	40712	5028	12.4	0.781	L3
pupu0606_2_B	20	10	40712	2259	5.55	0.547	L2a
blabla1515_7_B	20	10	40712	4875	12	0.751	L2a
blabla1515_7_A	20	10	40712	3087	7.58	0.541	mld
pupu0606_2_A	20	10	40712	861	2.11	0.479	mld
blublu0916_4_A	20	10	40358	2001	4.96	0.557	mld
yg0616_5_B	20	10	42990	2361	5.49	0.481	CM
yg0616_7_B	20	10	42990	905	2.11	0.666	CM
blabla1904_3_A	20	10	40712	3318	8.15	0.834	mld
yg0111_5_B	20	10	42990	4054	9.43	0.748	L2b
oo0909_5_A	20	10	41544	2238	5.39	0.456	mld
oo0909_5_B	20	10	41544	2055	4.95	0.79	L2b
yg0616_11_B	20	10	42990	3334	7.76	0.403	L2a
oo1920_4_B	20	10	40712	2665	6.55	0.556	CM
yg0616_9_B	20	10	42990	3743	8.71	0.541	L2a
oo0108_2_A	20	10	40712	4557	11.2	0.773	mld
blabla1904_4_B	20	10	40712	1449	3.56	0.83	L3
blabla1904_4_A	20	10	40712	3166	7.78	0.9	mld
